10001 14868
10002 14869
1001 12508
10011 14878
10012 14879
1002 12509
10021 14888
10022 14889
10031 -1
10032 14899
10041 14908
10042 14909
10051 -1
10052 14919
10061 -1
10062 14929
10071 -1
10072 14939
10081 -1
10082 14949
10091 14958
10092 -1
101 162
10101 14969
10102 -1
1011 12518
10111 14979
10112 -1
1012 12519
10121 -1
10122 -1
10131 14999
10132 15000
10141 -1
10142 -1
10151 15019
10152 -1
10161 15029
10162 15030
10171 15039
10172 15040
10181 15049
10182 15050
10191 15059
10192 15060
102 163
10201 -1
10202 15070
1021 12528
10211 -1
10212 15080
1022 12529
10221 15089
10222 15090
10231 15099
10232 15100
10241 15109
10242 15110
10251 15119
10252 -1
10261 -1
10262 -1
10271 15139
10272 15140
10281 -1
10282 15150
10291 15159
10292 -1
10301 15169
10302 15170
1031 12549
10311 -1
10312 15180
1032 12550
10321 15190
10322 15191
10331 15200
10332 15201
10341 15210
10342 15211
10351 15220
10352 15221
10361 15230
10362 15231
10371 15240
10372 15241
10381 -1
10382 -1
10391 15260
10392 -1
10401 15270
10402 15271
1041 12559
10411 -1
10412 -1
1042 12560
10421 15290
10422 15291
10431 -1
10432 15301
10441 15310
10442 -1
10451 -1
10452 -1
10461 -1
10462 -1
10471 15340
10472 -1
10481 -1
10482 -1
10491 -1
10492 15361
10501 -1
10502 15371
1051 12569
10511 -1
10512 15381
1052 12570
10521 -1
10522 -1
10531 15400
10532 15401
10541 15410
10542 15411
10551 -1
10552 -1
10561 -1
10562 15431
10571 15440
10572 15441
10581 15450
10582 15451
10591 15460
10592 -1
10601 15471
10602 15472
1061 12579
10611 -1
10612 -1
1062 12580
10621 15491
10622 15492
10631 15501
10632 -1
10641 15511
10642 15512
10651 -1
10652 -1
10661 -1
10662 15532
10671 -1
10672 15542
10681 15551
10682 15552
10691 15561
10692 -1
10701 15571
10702 15572
1071 12835
10711 -1
10712 15582
1072 12836
10721 15592
10722 15593
10731 15602
10732 15603
10741 15612
10742 15613
10751 -1
10752 15623
10761 15632
10762 15633
10771 -1
10772 -1
10781 15652
10782 -1
10791 -1
10792 -1
10801 15672
10802 15673
1081 13199
10811 15682
10812 15683
1082 13212
10821 -1
10822 15693
10831 15702
10832 15703
10841 -1
10842 -1
10851 -1
10852 15723
10861 15732
10862 -1
10871 -1
10872 15743
10881 -1
10882 15753
10891 15762
10892 -1
10901 15772
10902 15773
1091 -1
10911 -1
10912 -1
1092 -1
10921 -1
10922 15793
10931 -1
10932 15803
10941 -1
10942 -1
10951 -1
10952 -1
10961 -1
10962 -1
10971 -1
10972 -1
10981 -1
10982 -1
10991 -1
10992 -1
11001 -1
11002 -1
1101 65072
11011 -1
11012 -1
1102 65081
11021 15892
11022 -1
11031 -1
11032 -1
11041 15912
11042 15913
11051 15922
11052 -1
11061 15932
11062 15933
11071 15942
11072 -1
11081 15952
11082 15953
11091 -1
11092 -1
11101 15972
11102 15973
1111 65090
11111 15982
11112 15983
1112 65091
11121 15992
11122 15993
1247 19969
1248 -1
1255 63847
1262 19990